{
 "cells": [
  {
   "cell_type": "code",
   "execution_count": 2,
   "id": "6165e617-ba68-414d-bb15-fb469a955dfd",
   "metadata": {},
   "outputs": [],
   "source": [
    "import numpy as np\n",
    "import pandas as pd"
   ]
  },
  {
   "cell_type": "code",
   "execution_count": 3,
   "id": "d2f7ff99-ebcd-4bf0-b956-28789a20284f",
   "metadata": {},
   "outputs": [
    {
     "data": {
      "text/html": [
       "<div>\n",
       "<style scoped>\n",
       "    .dataframe tbody tr th:only-of-type {\n",
       "        vertical-align: middle;\n",
       "    }\n",
       "\n",
       "    .dataframe tbody tr th {\n",
       "        vertical-align: top;\n",
       "    }\n",
       "\n",
       "    .dataframe thead th {\n",
       "        text-align: right;\n",
       "    }\n",
       "</style>\n",
       "<table border=\"1\" class=\"dataframe\">\n",
       "  <thead>\n",
       "    <tr style=\"text-align: right;\">\n",
       "      <th></th>\n",
       "      <th>Train Loss</th>\n",
       "      <th>Training Time</th>\n",
       "      <th>Test R2</th>\n",
       "      <th>Losses</th>\n",
       "    </tr>\n",
       "  </thead>\n",
       "  <tbody>\n",
       "    <tr>\n",
       "      <th>N256_L2_ReLU</th>\n",
       "      <td>0.000907</td>\n",
       "      <td>10.5201</td>\n",
       "      <td>-1.224281</td>\n",
       "      <td>[0.969670248087039, 0.9545175587532341, 0.9867...</td>\n",
       "    </tr>\n",
       "    <tr>\n",
       "      <th>N256_L2_LeakyReLU</th>\n",
       "      <td>0.000813</td>\n",
       "      <td>10.992651</td>\n",
       "      <td>-0.897217</td>\n",
       "      <td>[0.9830946882173731, 0.9760738218011711, 0.993...</td>\n",
       "    </tr>\n",
       "    <tr>\n",
       "      <th>N256_L2_Sigmoid</th>\n",
       "      <td>0.001454</td>\n",
       "      <td>14.79773</td>\n",
       "      <td>0.344388</td>\n",
       "      <td>[0.97975166878171, 0.9726632617672241, 0.95747...</td>\n",
       "    </tr>\n",
       "    <tr>\n",
       "      <th>N256_L2_Tanh</th>\n",
       "      <td>0.000267</td>\n",
       "      <td>13.798098</td>\n",
       "      <td>0.589595</td>\n",
       "      <td>[0.9882854838528581, 0.9921857471777291, 0.996...</td>\n",
       "    </tr>\n",
       "    <tr>\n",
       "      <th>N256_L2_None</th>\n",
       "      <td>0.006105</td>\n",
       "      <td>12.571667</td>\n",
       "      <td>-22.066761</td>\n",
       "      <td>[0.962980939530765, 0.968831868740268, 0.99141...</td>\n",
       "    </tr>\n",
       "    <tr>\n",
       "      <th>N256_L3_ReLU</th>\n",
       "      <td>0.000897</td>\n",
       "      <td>18.184468</td>\n",
       "      <td>0.352729</td>\n",
       "      <td>[0.979002234120222, 0.9852673290677221, 0.9902...</td>\n",
       "    </tr>\n",
       "    <tr>\n",
       "      <th>N256_L3_LeakyReLU</th>\n",
       "      <td>0.000871</td>\n",
       "      <td>28.369516</td>\n",
       "      <td>0.302419</td>\n",
       "      <td>[0.964992530069233, 0.983665248978655, 0.96325...</td>\n",
       "    </tr>\n",
       "    <tr>\n",
       "      <th>N256_L3_Sigmoid</th>\n",
       "      <td>0.001606</td>\n",
       "      <td>19.977553</td>\n",
       "      <td>0.266775</td>\n",
       "      <td>[0.9152278607707091, 0.9737361892324321, 0.986...</td>\n",
       "    </tr>\n",
       "    <tr>\n",
       "      <th>N256_L3_Tanh</th>\n",
       "      <td>0.000552</td>\n",
       "      <td>18.646645</td>\n",
       "      <td>0.545359</td>\n",
       "      <td>[0.9769677660532191, 0.977445945135308, 0.9930...</td>\n",
       "    </tr>\n",
       "    <tr>\n",
       "      <th>N256_L3_None</th>\n",
       "      <td>0.065926</td>\n",
       "      <td>18.126102</td>\n",
       "      <td>-105.89389</td>\n",
       "      <td>[0.6963692982712271, 0.760365020935708, 0.8663...</td>\n",
       "    </tr>\n",
       "    <tr>\n",
       "      <th>N256_L4_ReLU</th>\n",
       "      <td>0.000854</td>\n",
       "      <td>27.966158</td>\n",
       "      <td>0.322702</td>\n",
       "      <td>[0.9600083446124541, 0.9868741295987261, 0.990...</td>\n",
       "    </tr>\n",
       "    <tr>\n",
       "      <th>N256_L4_LeakyReLU</th>\n",
       "      <td>0.000709</td>\n",
       "      <td>26.950047</td>\n",
       "      <td>0.404794</td>\n",
       "      <td>[0.9687593382480371, 0.988225963066206, 0.9907...</td>\n",
       "    </tr>\n",
       "    <tr>\n",
       "      <th>N256_L4_Sigmoid</th>\n",
       "      <td>0.004474</td>\n",
       "      <td>27.187718</td>\n",
       "      <td>0.126946</td>\n",
       "      <td>[0.046043266513517006, 0.7759346157366811, 0.8...</td>\n",
       "    </tr>\n",
       "    <tr>\n",
       "      <th>N256_L4_Tanh</th>\n",
       "      <td>0.000623</td>\n",
       "      <td>26.902307</td>\n",
       "      <td>0.475269</td>\n",
       "      <td>[0.9851351359426831, 0.98015110204622, 0.95787...</td>\n",
       "    </tr>\n",
       "    <tr>\n",
       "      <th>N256_L4_None</th>\n",
       "      <td>0.405862</td>\n",
       "      <td>25.496501</td>\n",
       "      <td>-501.022339</td>\n",
       "      <td>[0.353356687202367, -0.148171115522366, -0.196...</td>\n",
       "    </tr>\n",
       "    <tr>\n",
       "      <th>N256_L5_ReLU</th>\n",
       "      <td>0.001157</td>\n",
       "      <td>38.759218</td>\n",
       "      <td>0.352755</td>\n",
       "      <td>[0.9245099121184711, 0.9788953476636281, 0.993...</td>\n",
       "    </tr>\n",
       "    <tr>\n",
       "      <th>N256_L5_LeakyReLU</th>\n",
       "      <td>0.00129</td>\n",
       "      <td>37.408473</td>\n",
       "      <td>0.349871</td>\n",
       "      <td>[0.9214934259614621, 0.98206068943708, 0.98003...</td>\n",
       "    </tr>\n",
       "    <tr>\n",
       "      <th>N256_L5_Sigmoid</th>\n",
       "      <td>0.005713</td>\n",
       "      <td>41.909105</td>\n",
       "      <td>-0.064522</td>\n",
       "      <td>[-0.011851854430703001, 0.6755711068610141, 0....</td>\n",
       "    </tr>\n",
       "    <tr>\n",
       "      <th>N256_L5_Tanh</th>\n",
       "      <td>0.000661</td>\n",
       "      <td>42.818507</td>\n",
       "      <td>0.436757</td>\n",
       "      <td>[0.9913686490128181, 0.9836911355697121, 0.994...</td>\n",
       "    </tr>\n",
       "    <tr>\n",
       "      <th>N256_L5_None</th>\n",
       "      <td>0.299481</td>\n",
       "      <td>35.762352</td>\n",
       "      <td>-353.755524</td>\n",
       "      <td>[-0.6111906469261941, -0.132037130871119, 0.38...</td>\n",
       "    </tr>\n",
       "    <tr>\n",
       "      <th>N512_L2_ReLU</th>\n",
       "      <td>0.000607</td>\n",
       "      <td>45.758771</td>\n",
       "      <td>-6.249928</td>\n",
       "      <td>[0.9325146983349961, 0.907251976146187, 0.9550...</td>\n",
       "    </tr>\n",
       "    <tr>\n",
       "      <th>N512_L2_LeakyReLU</th>\n",
       "      <td>0.00093</td>\n",
       "      <td>45.626593</td>\n",
       "      <td>-19.87587</td>\n",
       "      <td>[0.9085695915615191, 0.783339295480137, 0.8943...</td>\n",
       "    </tr>\n",
       "    <tr>\n",
       "      <th>N512_L2_Sigmoid</th>\n",
       "      <td>0.000572</td>\n",
       "      <td>44.145783</td>\n",
       "      <td>0.278251</td>\n",
       "      <td>[0.9903507981625, 0.9791698061204451, 0.977818...</td>\n",
       "    </tr>\n",
       "    <tr>\n",
       "      <th>N512_L2_Tanh</th>\n",
       "      <td>0.00012</td>\n",
       "      <td>44.68184</td>\n",
       "      <td>0.139219</td>\n",
       "      <td>[0.9979866526798411, 0.9913846163669061, 0.997...</td>\n",
       "    </tr>\n",
       "    <tr>\n",
       "      <th>N512_L2_None</th>\n",
       "      <td>1.482223</td>\n",
       "      <td>44.39176</td>\n",
       "      <td>-1031.56543</td>\n",
       "      <td>[0.010122093620539, -0.624903265087392, 0.6079...</td>\n",
       "    </tr>\n",
       "    <tr>\n",
       "      <th>N512_L3_ReLU</th>\n",
       "      <td>0.000554</td>\n",
       "      <td>88.21877</td>\n",
       "      <td>0.217937</td>\n",
       "      <td>[0.9706882522161231, 0.9810465734160121, 0.983...</td>\n",
       "    </tr>\n",
       "    <tr>\n",
       "      <th>N512_L3_LeakyReLU</th>\n",
       "      <td>0.000308</td>\n",
       "      <td>80.214393</td>\n",
       "      <td>0.237437</td>\n",
       "      <td>[0.962792998523862, 0.9867484205372211, 0.9968...</td>\n",
       "    </tr>\n",
       "    <tr>\n",
       "      <th>N512_L3_Sigmoid</th>\n",
       "      <td>0.000948</td>\n",
       "      <td>79.163542</td>\n",
       "      <td>0.127297</td>\n",
       "      <td>[0.881998412331057, 0.926109498196908, 0.95550...</td>\n",
       "    </tr>\n",
       "    <tr>\n",
       "      <th>N512_L3_Tanh</th>\n",
       "      <td>0.000145</td>\n",
       "      <td>78.776018</td>\n",
       "      <td>0.455143</td>\n",
       "      <td>[0.9906344363942091, 0.988166373035768, 0.9965...</td>\n",
       "    </tr>\n",
       "    <tr>\n",
       "      <th>N512_L3_None</th>\n",
       "      <td>0.001948</td>\n",
       "      <td>77.378181</td>\n",
       "      <td>-18.51968</td>\n",
       "      <td>[0.945313396026032, 0.960424756841836, 0.98486...</td>\n",
       "    </tr>\n",
       "    <tr>\n",
       "      <th>N512_L4_ReLU</th>\n",
       "      <td>0.000344</td>\n",
       "      <td>139.850381</td>\n",
       "      <td>0.303109</td>\n",
       "      <td>[0.9550153632619921, 0.9889219272760281, 0.993...</td>\n",
       "    </tr>\n",
       "    <tr>\n",
       "      <th>N512_L4_LeakyReLU</th>\n",
       "      <td>0.000406</td>\n",
       "      <td>118.088555</td>\n",
       "      <td>0.27033</td>\n",
       "      <td>[0.9745367562326971, 0.9710554680252861, 0.993...</td>\n",
       "    </tr>\n",
       "    <tr>\n",
       "      <th>N512_L4_Sigmoid</th>\n",
       "      <td>0.002146</td>\n",
       "      <td>121.251718</td>\n",
       "      <td>0.091272</td>\n",
       "      <td>[0.048768404070097006, 0.844356493571173, 0.92...</td>\n",
       "    </tr>\n",
       "    <tr>\n",
       "      <th>N512_L4_Tanh</th>\n",
       "      <td>0.000172</td>\n",
       "      <td>115.060462</td>\n",
       "      <td>0.386142</td>\n",
       "      <td>[0.9934305995175641, 0.9886126790543581, 0.997...</td>\n",
       "    </tr>\n",
       "    <tr>\n",
       "      <th>N512_L4_None</th>\n",
       "      <td>0.078791</td>\n",
       "      <td>114.425759</td>\n",
       "      <td>-423.380371</td>\n",
       "      <td>[-0.235781578125613, 0.27355936304321504, 0.57...</td>\n",
       "    </tr>\n",
       "    <tr>\n",
       "      <th>N512_L5_ReLU</th>\n",
       "      <td>0.000766</td>\n",
       "      <td>213.363826</td>\n",
       "      <td>-0.168949</td>\n",
       "      <td>[0.8811646477549561, 0.9696006608009121, 0.951...</td>\n",
       "    </tr>\n",
       "    <tr>\n",
       "      <th>N512_L5_LeakyReLU</th>\n",
       "      <td>0.000757</td>\n",
       "      <td>163.706149</td>\n",
       "      <td>0.256995</td>\n",
       "      <td>[0.9176026367942061, 0.9650238117838921, 0.994...</td>\n",
       "    </tr>\n",
       "    <tr>\n",
       "      <th>N512_L5_Sigmoid</th>\n",
       "      <td>0.003648</td>\n",
       "      <td>167.225148</td>\n",
       "      <td>-0.003618</td>\n",
       "      <td>[0.027738340863098003, 0.75351368567067, 0.445...</td>\n",
       "    </tr>\n",
       "    <tr>\n",
       "      <th>N512_L5_Tanh</th>\n",
       "      <td>0.000228</td>\n",
       "      <td>164.092452</td>\n",
       "      <td>0.349411</td>\n",
       "      <td>[0.9877838349402781, 0.9866810704138771, 0.996...</td>\n",
       "    </tr>\n",
       "    <tr>\n",
       "      <th>N512_L5_None</th>\n",
       "      <td>30.456153</td>\n",
       "      <td>162.298771</td>\n",
       "      <td>-85469.640625</td>\n",
       "      <td>[-31.60522022242229, -174.43478743566828, -150...</td>\n",
       "    </tr>\n",
       "  </tbody>\n",
       "</table>\n",
       "</div>"
      ],
      "text/plain": [
       "                  Train Loss Training Time       Test R2  \\\n",
       "N256_L2_ReLU        0.000907       10.5201     -1.224281   \n",
       "N256_L2_LeakyReLU   0.000813     10.992651     -0.897217   \n",
       "N256_L2_Sigmoid     0.001454      14.79773      0.344388   \n",
       "N256_L2_Tanh        0.000267     13.798098      0.589595   \n",
       "N256_L2_None        0.006105     12.571667    -22.066761   \n",
       "N256_L3_ReLU        0.000897     18.184468      0.352729   \n",
       "N256_L3_LeakyReLU   0.000871     28.369516      0.302419   \n",
       "N256_L3_Sigmoid     0.001606     19.977553      0.266775   \n",
       "N256_L3_Tanh        0.000552     18.646645      0.545359   \n",
       "N256_L3_None        0.065926     18.126102    -105.89389   \n",
       "N256_L4_ReLU        0.000854     27.966158      0.322702   \n",
       "N256_L4_LeakyReLU   0.000709     26.950047      0.404794   \n",
       "N256_L4_Sigmoid     0.004474     27.187718      0.126946   \n",
       "N256_L4_Tanh        0.000623     26.902307      0.475269   \n",
       "N256_L4_None        0.405862     25.496501   -501.022339   \n",
       "N256_L5_ReLU        0.001157     38.759218      0.352755   \n",
       "N256_L5_LeakyReLU    0.00129     37.408473      0.349871   \n",
       "N256_L5_Sigmoid     0.005713     41.909105     -0.064522   \n",
       "N256_L5_Tanh        0.000661     42.818507      0.436757   \n",
       "N256_L5_None        0.299481     35.762352   -353.755524   \n",
       "N512_L2_ReLU        0.000607     45.758771     -6.249928   \n",
       "N512_L2_LeakyReLU    0.00093     45.626593     -19.87587   \n",
       "N512_L2_Sigmoid     0.000572     44.145783      0.278251   \n",
       "N512_L2_Tanh         0.00012      44.68184      0.139219   \n",
       "N512_L2_None        1.482223      44.39176   -1031.56543   \n",
       "N512_L3_ReLU        0.000554      88.21877      0.217937   \n",
       "N512_L3_LeakyReLU   0.000308     80.214393      0.237437   \n",
       "N512_L3_Sigmoid     0.000948     79.163542      0.127297   \n",
       "N512_L3_Tanh        0.000145     78.776018      0.455143   \n",
       "N512_L3_None        0.001948     77.378181     -18.51968   \n",
       "N512_L4_ReLU        0.000344    139.850381      0.303109   \n",
       "N512_L4_LeakyReLU   0.000406    118.088555       0.27033   \n",
       "N512_L4_Sigmoid     0.002146    121.251718      0.091272   \n",
       "N512_L4_Tanh        0.000172    115.060462      0.386142   \n",
       "N512_L4_None        0.078791    114.425759   -423.380371   \n",
       "N512_L5_ReLU        0.000766    213.363826     -0.168949   \n",
       "N512_L5_LeakyReLU   0.000757    163.706149      0.256995   \n",
       "N512_L5_Sigmoid     0.003648    167.225148     -0.003618   \n",
       "N512_L5_Tanh        0.000228    164.092452      0.349411   \n",
       "N512_L5_None       30.456153    162.298771 -85469.640625   \n",
       "\n",
       "                                                              Losses  \n",
       "N256_L2_ReLU       [0.969670248087039, 0.9545175587532341, 0.9867...  \n",
       "N256_L2_LeakyReLU  [0.9830946882173731, 0.9760738218011711, 0.993...  \n",
       "N256_L2_Sigmoid    [0.97975166878171, 0.9726632617672241, 0.95747...  \n",
       "N256_L2_Tanh       [0.9882854838528581, 0.9921857471777291, 0.996...  \n",
       "N256_L2_None       [0.962980939530765, 0.968831868740268, 0.99141...  \n",
       "N256_L3_ReLU       [0.979002234120222, 0.9852673290677221, 0.9902...  \n",
       "N256_L3_LeakyReLU  [0.964992530069233, 0.983665248978655, 0.96325...  \n",
       "N256_L3_Sigmoid    [0.9152278607707091, 0.9737361892324321, 0.986...  \n",
       "N256_L3_Tanh       [0.9769677660532191, 0.977445945135308, 0.9930...  \n",
       "N256_L3_None       [0.6963692982712271, 0.760365020935708, 0.8663...  \n",
       "N256_L4_ReLU       [0.9600083446124541, 0.9868741295987261, 0.990...  \n",
       "N256_L4_LeakyReLU  [0.9687593382480371, 0.988225963066206, 0.9907...  \n",
       "N256_L4_Sigmoid    [0.046043266513517006, 0.7759346157366811, 0.8...  \n",
       "N256_L4_Tanh       [0.9851351359426831, 0.98015110204622, 0.95787...  \n",
       "N256_L4_None       [0.353356687202367, -0.148171115522366, -0.196...  \n",
       "N256_L5_ReLU       [0.9245099121184711, 0.9788953476636281, 0.993...  \n",
       "N256_L5_LeakyReLU  [0.9214934259614621, 0.98206068943708, 0.98003...  \n",
       "N256_L5_Sigmoid    [-0.011851854430703001, 0.6755711068610141, 0....  \n",
       "N256_L5_Tanh       [0.9913686490128181, 0.9836911355697121, 0.994...  \n",
       "N256_L5_None       [-0.6111906469261941, -0.132037130871119, 0.38...  \n",
       "N512_L2_ReLU       [0.9325146983349961, 0.907251976146187, 0.9550...  \n",
       "N512_L2_LeakyReLU  [0.9085695915615191, 0.783339295480137, 0.8943...  \n",
       "N512_L2_Sigmoid    [0.9903507981625, 0.9791698061204451, 0.977818...  \n",
       "N512_L2_Tanh       [0.9979866526798411, 0.9913846163669061, 0.997...  \n",
       "N512_L2_None       [0.010122093620539, -0.624903265087392, 0.6079...  \n",
       "N512_L3_ReLU       [0.9706882522161231, 0.9810465734160121, 0.983...  \n",
       "N512_L3_LeakyReLU  [0.962792998523862, 0.9867484205372211, 0.9968...  \n",
       "N512_L3_Sigmoid    [0.881998412331057, 0.926109498196908, 0.95550...  \n",
       "N512_L3_Tanh       [0.9906344363942091, 0.988166373035768, 0.9965...  \n",
       "N512_L3_None       [0.945313396026032, 0.960424756841836, 0.98486...  \n",
       "N512_L4_ReLU       [0.9550153632619921, 0.9889219272760281, 0.993...  \n",
       "N512_L4_LeakyReLU  [0.9745367562326971, 0.9710554680252861, 0.993...  \n",
       "N512_L4_Sigmoid    [0.048768404070097006, 0.844356493571173, 0.92...  \n",
       "N512_L4_Tanh       [0.9934305995175641, 0.9886126790543581, 0.997...  \n",
       "N512_L4_None       [-0.235781578125613, 0.27355936304321504, 0.57...  \n",
       "N512_L5_ReLU       [0.8811646477549561, 0.9696006608009121, 0.951...  \n",
       "N512_L5_LeakyReLU  [0.9176026367942061, 0.9650238117838921, 0.994...  \n",
       "N512_L5_Sigmoid    [0.027738340863098003, 0.75351368567067, 0.445...  \n",
       "N512_L5_Tanh       [0.9877838349402781, 0.9866810704138771, 0.996...  \n",
       "N512_L5_None       [-31.60522022242229, -174.43478743566828, -150...  "
      ]
     },
     "execution_count": 3,
     "metadata": {},
     "output_type": "execute_result"
    }
   ],
   "source": [
    "metrics = pd.read_json(\"metrics.json\")\n",
    "cols = metrics.columns\n",
    "ind = metrics.index\n",
    "metrics = np.array(metrics)\n",
    "metrics = pd.DataFrame(metrics.T, index=cols, columns=ind)\n",
    "metrics"
   ]
  },
  {
   "cell_type": "code",
   "execution_count": 6,
   "id": "26c3f97a-4dfb-45e5-b01b-c7e735c07501",
   "metadata": {},
   "outputs": [
    {
     "data": {
      "text/html": [
       "<div>\n",
       "<style scoped>\n",
       "    .dataframe tbody tr th:only-of-type {\n",
       "        vertical-align: middle;\n",
       "    }\n",
       "\n",
       "    .dataframe tbody tr th {\n",
       "        vertical-align: top;\n",
       "    }\n",
       "\n",
       "    .dataframe thead th {\n",
       "        text-align: right;\n",
       "    }\n",
       "</style>\n",
       "<table border=\"1\" class=\"dataframe\">\n",
       "  <thead>\n",
       "    <tr style=\"text-align: right;\">\n",
       "      <th></th>\n",
       "      <th>Train Loss</th>\n",
       "      <th>Training Time</th>\n",
       "      <th>Test R2</th>\n",
       "      <th>Losses</th>\n",
       "    </tr>\n",
       "  </thead>\n",
       "  <tbody>\n",
       "    <tr>\n",
       "      <th>N256_L2_Tanh</th>\n",
       "      <td>0.000267</td>\n",
       "      <td>13.798098</td>\n",
       "      <td>0.589595</td>\n",
       "      <td>[0.9882854838528581, 0.9921857471777291, 0.996...</td>\n",
       "    </tr>\n",
       "    <tr>\n",
       "      <th>N256_L3_Tanh</th>\n",
       "      <td>0.000552</td>\n",
       "      <td>18.646645</td>\n",
       "      <td>0.545359</td>\n",
       "      <td>[0.9769677660532191, 0.977445945135308, 0.9930...</td>\n",
       "    </tr>\n",
       "    <tr>\n",
       "      <th>N256_L4_Tanh</th>\n",
       "      <td>0.000623</td>\n",
       "      <td>26.902307</td>\n",
       "      <td>0.475269</td>\n",
       "      <td>[0.9851351359426831, 0.98015110204622, 0.95787...</td>\n",
       "    </tr>\n",
       "    <tr>\n",
       "      <th>N512_L3_Tanh</th>\n",
       "      <td>0.000145</td>\n",
       "      <td>78.776018</td>\n",
       "      <td>0.455143</td>\n",
       "      <td>[0.9906344363942091, 0.988166373035768, 0.9965...</td>\n",
       "    </tr>\n",
       "    <tr>\n",
       "      <th>N256_L5_Tanh</th>\n",
       "      <td>0.000661</td>\n",
       "      <td>42.818507</td>\n",
       "      <td>0.436757</td>\n",
       "      <td>[0.9913686490128181, 0.9836911355697121, 0.994...</td>\n",
       "    </tr>\n",
       "    <tr>\n",
       "      <th>N256_L4_LeakyReLU</th>\n",
       "      <td>0.000709</td>\n",
       "      <td>26.950047</td>\n",
       "      <td>0.404794</td>\n",
       "      <td>[0.9687593382480371, 0.988225963066206, 0.9907...</td>\n",
       "    </tr>\n",
       "    <tr>\n",
       "      <th>N512_L4_Tanh</th>\n",
       "      <td>0.000172</td>\n",
       "      <td>115.060462</td>\n",
       "      <td>0.386142</td>\n",
       "      <td>[0.9934305995175641, 0.9886126790543581, 0.997...</td>\n",
       "    </tr>\n",
       "    <tr>\n",
       "      <th>N256_L5_ReLU</th>\n",
       "      <td>0.001157</td>\n",
       "      <td>38.759218</td>\n",
       "      <td>0.352755</td>\n",
       "      <td>[0.9245099121184711, 0.9788953476636281, 0.993...</td>\n",
       "    </tr>\n",
       "    <tr>\n",
       "      <th>N256_L3_ReLU</th>\n",
       "      <td>0.000897</td>\n",
       "      <td>18.184468</td>\n",
       "      <td>0.352729</td>\n",
       "      <td>[0.979002234120222, 0.9852673290677221, 0.9902...</td>\n",
       "    </tr>\n",
       "    <tr>\n",
       "      <th>N256_L5_LeakyReLU</th>\n",
       "      <td>0.00129</td>\n",
       "      <td>37.408473</td>\n",
       "      <td>0.349871</td>\n",
       "      <td>[0.9214934259614621, 0.98206068943708, 0.98003...</td>\n",
       "    </tr>\n",
       "    <tr>\n",
       "      <th>N512_L5_Tanh</th>\n",
       "      <td>0.000228</td>\n",
       "      <td>164.092452</td>\n",
       "      <td>0.349411</td>\n",
       "      <td>[0.9877838349402781, 0.9866810704138771, 0.996...</td>\n",
       "    </tr>\n",
       "    <tr>\n",
       "      <th>N256_L2_Sigmoid</th>\n",
       "      <td>0.001454</td>\n",
       "      <td>14.79773</td>\n",
       "      <td>0.344388</td>\n",
       "      <td>[0.97975166878171, 0.9726632617672241, 0.95747...</td>\n",
       "    </tr>\n",
       "    <tr>\n",
       "      <th>N256_L4_ReLU</th>\n",
       "      <td>0.000854</td>\n",
       "      <td>27.966158</td>\n",
       "      <td>0.322702</td>\n",
       "      <td>[0.9600083446124541, 0.9868741295987261, 0.990...</td>\n",
       "    </tr>\n",
       "    <tr>\n",
       "      <th>N512_L4_ReLU</th>\n",
       "      <td>0.000344</td>\n",
       "      <td>139.850381</td>\n",
       "      <td>0.303109</td>\n",
       "      <td>[0.9550153632619921, 0.9889219272760281, 0.993...</td>\n",
       "    </tr>\n",
       "    <tr>\n",
       "      <th>N256_L3_LeakyReLU</th>\n",
       "      <td>0.000871</td>\n",
       "      <td>28.369516</td>\n",
       "      <td>0.302419</td>\n",
       "      <td>[0.964992530069233, 0.983665248978655, 0.96325...</td>\n",
       "    </tr>\n",
       "    <tr>\n",
       "      <th>N512_L2_Sigmoid</th>\n",
       "      <td>0.000572</td>\n",
       "      <td>44.145783</td>\n",
       "      <td>0.278251</td>\n",
       "      <td>[0.9903507981625, 0.9791698061204451, 0.977818...</td>\n",
       "    </tr>\n",
       "    <tr>\n",
       "      <th>N512_L4_LeakyReLU</th>\n",
       "      <td>0.000406</td>\n",
       "      <td>118.088555</td>\n",
       "      <td>0.27033</td>\n",
       "      <td>[0.9745367562326971, 0.9710554680252861, 0.993...</td>\n",
       "    </tr>\n",
       "    <tr>\n",
       "      <th>N256_L3_Sigmoid</th>\n",
       "      <td>0.001606</td>\n",
       "      <td>19.977553</td>\n",
       "      <td>0.266775</td>\n",
       "      <td>[0.9152278607707091, 0.9737361892324321, 0.986...</td>\n",
       "    </tr>\n",
       "    <tr>\n",
       "      <th>N512_L5_LeakyReLU</th>\n",
       "      <td>0.000757</td>\n",
       "      <td>163.706149</td>\n",
       "      <td>0.256995</td>\n",
       "      <td>[0.9176026367942061, 0.9650238117838921, 0.994...</td>\n",
       "    </tr>\n",
       "    <tr>\n",
       "      <th>N512_L3_LeakyReLU</th>\n",
       "      <td>0.000308</td>\n",
       "      <td>80.214393</td>\n",
       "      <td>0.237437</td>\n",
       "      <td>[0.962792998523862, 0.9867484205372211, 0.9968...</td>\n",
       "    </tr>\n",
       "    <tr>\n",
       "      <th>N512_L3_ReLU</th>\n",
       "      <td>0.000554</td>\n",
       "      <td>88.21877</td>\n",
       "      <td>0.217937</td>\n",
       "      <td>[0.9706882522161231, 0.9810465734160121, 0.983...</td>\n",
       "    </tr>\n",
       "    <tr>\n",
       "      <th>N512_L2_Tanh</th>\n",
       "      <td>0.00012</td>\n",
       "      <td>44.68184</td>\n",
       "      <td>0.139219</td>\n",
       "      <td>[0.9979866526798411, 0.9913846163669061, 0.997...</td>\n",
       "    </tr>\n",
       "    <tr>\n",
       "      <th>N512_L3_Sigmoid</th>\n",
       "      <td>0.000948</td>\n",
       "      <td>79.163542</td>\n",
       "      <td>0.127297</td>\n",
       "      <td>[0.881998412331057, 0.926109498196908, 0.95550...</td>\n",
       "    </tr>\n",
       "    <tr>\n",
       "      <th>N256_L4_Sigmoid</th>\n",
       "      <td>0.004474</td>\n",
       "      <td>27.187718</td>\n",
       "      <td>0.126946</td>\n",
       "      <td>[0.046043266513517006, 0.7759346157366811, 0.8...</td>\n",
       "    </tr>\n",
       "    <tr>\n",
       "      <th>N512_L4_Sigmoid</th>\n",
       "      <td>0.002146</td>\n",
       "      <td>121.251718</td>\n",
       "      <td>0.091272</td>\n",
       "      <td>[0.048768404070097006, 0.844356493571173, 0.92...</td>\n",
       "    </tr>\n",
       "    <tr>\n",
       "      <th>N512_L5_Sigmoid</th>\n",
       "      <td>0.003648</td>\n",
       "      <td>167.225148</td>\n",
       "      <td>-0.003618</td>\n",
       "      <td>[0.027738340863098003, 0.75351368567067, 0.445...</td>\n",
       "    </tr>\n",
       "    <tr>\n",
       "      <th>N256_L5_Sigmoid</th>\n",
       "      <td>0.005713</td>\n",
       "      <td>41.909105</td>\n",
       "      <td>-0.064522</td>\n",
       "      <td>[-0.011851854430703001, 0.6755711068610141, 0....</td>\n",
       "    </tr>\n",
       "    <tr>\n",
       "      <th>N512_L5_ReLU</th>\n",
       "      <td>0.000766</td>\n",
       "      <td>213.363826</td>\n",
       "      <td>-0.168949</td>\n",
       "      <td>[0.8811646477549561, 0.9696006608009121, 0.951...</td>\n",
       "    </tr>\n",
       "    <tr>\n",
       "      <th>N256_L2_LeakyReLU</th>\n",
       "      <td>0.000813</td>\n",
       "      <td>10.992651</td>\n",
       "      <td>-0.897217</td>\n",
       "      <td>[0.9830946882173731, 0.9760738218011711, 0.993...</td>\n",
       "    </tr>\n",
       "    <tr>\n",
       "      <th>N256_L2_ReLU</th>\n",
       "      <td>0.000907</td>\n",
       "      <td>10.5201</td>\n",
       "      <td>-1.224281</td>\n",
       "      <td>[0.969670248087039, 0.9545175587532341, 0.9867...</td>\n",
       "    </tr>\n",
       "    <tr>\n",
       "      <th>N512_L2_ReLU</th>\n",
       "      <td>0.000607</td>\n",
       "      <td>45.758771</td>\n",
       "      <td>-6.249928</td>\n",
       "      <td>[0.9325146983349961, 0.907251976146187, 0.9550...</td>\n",
       "    </tr>\n",
       "    <tr>\n",
       "      <th>N512_L3_None</th>\n",
       "      <td>0.001948</td>\n",
       "      <td>77.378181</td>\n",
       "      <td>-18.51968</td>\n",
       "      <td>[0.945313396026032, 0.960424756841836, 0.98486...</td>\n",
       "    </tr>\n",
       "    <tr>\n",
       "      <th>N512_L2_LeakyReLU</th>\n",
       "      <td>0.00093</td>\n",
       "      <td>45.626593</td>\n",
       "      <td>-19.87587</td>\n",
       "      <td>[0.9085695915615191, 0.783339295480137, 0.8943...</td>\n",
       "    </tr>\n",
       "    <tr>\n",
       "      <th>N256_L2_None</th>\n",
       "      <td>0.006105</td>\n",
       "      <td>12.571667</td>\n",
       "      <td>-22.066761</td>\n",
       "      <td>[0.962980939530765, 0.968831868740268, 0.99141...</td>\n",
       "    </tr>\n",
       "    <tr>\n",
       "      <th>N256_L3_None</th>\n",
       "      <td>0.065926</td>\n",
       "      <td>18.126102</td>\n",
       "      <td>-105.89389</td>\n",
       "      <td>[0.6963692982712271, 0.760365020935708, 0.8663...</td>\n",
       "    </tr>\n",
       "    <tr>\n",
       "      <th>N256_L5_None</th>\n",
       "      <td>0.299481</td>\n",
       "      <td>35.762352</td>\n",
       "      <td>-353.755524</td>\n",
       "      <td>[-0.6111906469261941, -0.132037130871119, 0.38...</td>\n",
       "    </tr>\n",
       "    <tr>\n",
       "      <th>N512_L4_None</th>\n",
       "      <td>0.078791</td>\n",
       "      <td>114.425759</td>\n",
       "      <td>-423.380371</td>\n",
       "      <td>[-0.235781578125613, 0.27355936304321504, 0.57...</td>\n",
       "    </tr>\n",
       "    <tr>\n",
       "      <th>N256_L4_None</th>\n",
       "      <td>0.405862</td>\n",
       "      <td>25.496501</td>\n",
       "      <td>-501.022339</td>\n",
       "      <td>[0.353356687202367, -0.148171115522366, -0.196...</td>\n",
       "    </tr>\n",
       "    <tr>\n",
       "      <th>N512_L2_None</th>\n",
       "      <td>1.482223</td>\n",
       "      <td>44.39176</td>\n",
       "      <td>-1031.56543</td>\n",
       "      <td>[0.010122093620539, -0.624903265087392, 0.6079...</td>\n",
       "    </tr>\n",
       "    <tr>\n",
       "      <th>N512_L5_None</th>\n",
       "      <td>30.456153</td>\n",
       "      <td>162.298771</td>\n",
       "      <td>-85469.640625</td>\n",
       "      <td>[-31.60522022242229, -174.43478743566828, -150...</td>\n",
       "    </tr>\n",
       "  </tbody>\n",
       "</table>\n",
       "</div>"
      ],
      "text/plain": [
       "                  Train Loss Training Time       Test R2  \\\n",
       "N256_L2_Tanh        0.000267     13.798098      0.589595   \n",
       "N256_L3_Tanh        0.000552     18.646645      0.545359   \n",
       "N256_L4_Tanh        0.000623     26.902307      0.475269   \n",
       "N512_L3_Tanh        0.000145     78.776018      0.455143   \n",
       "N256_L5_Tanh        0.000661     42.818507      0.436757   \n",
       "N256_L4_LeakyReLU   0.000709     26.950047      0.404794   \n",
       "N512_L4_Tanh        0.000172    115.060462      0.386142   \n",
       "N256_L5_ReLU        0.001157     38.759218      0.352755   \n",
       "N256_L3_ReLU        0.000897     18.184468      0.352729   \n",
       "N256_L5_LeakyReLU    0.00129     37.408473      0.349871   \n",
       "N512_L5_Tanh        0.000228    164.092452      0.349411   \n",
       "N256_L2_Sigmoid     0.001454      14.79773      0.344388   \n",
       "N256_L4_ReLU        0.000854     27.966158      0.322702   \n",
       "N512_L4_ReLU        0.000344    139.850381      0.303109   \n",
       "N256_L3_LeakyReLU   0.000871     28.369516      0.302419   \n",
       "N512_L2_Sigmoid     0.000572     44.145783      0.278251   \n",
       "N512_L4_LeakyReLU   0.000406    118.088555       0.27033   \n",
       "N256_L3_Sigmoid     0.001606     19.977553      0.266775   \n",
       "N512_L5_LeakyReLU   0.000757    163.706149      0.256995   \n",
       "N512_L3_LeakyReLU   0.000308     80.214393      0.237437   \n",
       "N512_L3_ReLU        0.000554      88.21877      0.217937   \n",
       "N512_L2_Tanh         0.00012      44.68184      0.139219   \n",
       "N512_L3_Sigmoid     0.000948     79.163542      0.127297   \n",
       "N256_L4_Sigmoid     0.004474     27.187718      0.126946   \n",
       "N512_L4_Sigmoid     0.002146    121.251718      0.091272   \n",
       "N512_L5_Sigmoid     0.003648    167.225148     -0.003618   \n",
       "N256_L5_Sigmoid     0.005713     41.909105     -0.064522   \n",
       "N512_L5_ReLU        0.000766    213.363826     -0.168949   \n",
       "N256_L2_LeakyReLU   0.000813     10.992651     -0.897217   \n",
       "N256_L2_ReLU        0.000907       10.5201     -1.224281   \n",
       "N512_L2_ReLU        0.000607     45.758771     -6.249928   \n",
       "N512_L3_None        0.001948     77.378181     -18.51968   \n",
       "N512_L2_LeakyReLU    0.00093     45.626593     -19.87587   \n",
       "N256_L2_None        0.006105     12.571667    -22.066761   \n",
       "N256_L3_None        0.065926     18.126102    -105.89389   \n",
       "N256_L5_None        0.299481     35.762352   -353.755524   \n",
       "N512_L4_None        0.078791    114.425759   -423.380371   \n",
       "N256_L4_None        0.405862     25.496501   -501.022339   \n",
       "N512_L2_None        1.482223      44.39176   -1031.56543   \n",
       "N512_L5_None       30.456153    162.298771 -85469.640625   \n",
       "\n",
       "                                                              Losses  \n",
       "N256_L2_Tanh       [0.9882854838528581, 0.9921857471777291, 0.996...  \n",
       "N256_L3_Tanh       [0.9769677660532191, 0.977445945135308, 0.9930...  \n",
       "N256_L4_Tanh       [0.9851351359426831, 0.98015110204622, 0.95787...  \n",
       "N512_L3_Tanh       [0.9906344363942091, 0.988166373035768, 0.9965...  \n",
       "N256_L5_Tanh       [0.9913686490128181, 0.9836911355697121, 0.994...  \n",
       "N256_L4_LeakyReLU  [0.9687593382480371, 0.988225963066206, 0.9907...  \n",
       "N512_L4_Tanh       [0.9934305995175641, 0.9886126790543581, 0.997...  \n",
       "N256_L5_ReLU       [0.9245099121184711, 0.9788953476636281, 0.993...  \n",
       "N256_L3_ReLU       [0.979002234120222, 0.9852673290677221, 0.9902...  \n",
       "N256_L5_LeakyReLU  [0.9214934259614621, 0.98206068943708, 0.98003...  \n",
       "N512_L5_Tanh       [0.9877838349402781, 0.9866810704138771, 0.996...  \n",
       "N256_L2_Sigmoid    [0.97975166878171, 0.9726632617672241, 0.95747...  \n",
       "N256_L4_ReLU       [0.9600083446124541, 0.9868741295987261, 0.990...  \n",
       "N512_L4_ReLU       [0.9550153632619921, 0.9889219272760281, 0.993...  \n",
       "N256_L3_LeakyReLU  [0.964992530069233, 0.983665248978655, 0.96325...  \n",
       "N512_L2_Sigmoid    [0.9903507981625, 0.9791698061204451, 0.977818...  \n",
       "N512_L4_LeakyReLU  [0.9745367562326971, 0.9710554680252861, 0.993...  \n",
       "N256_L3_Sigmoid    [0.9152278607707091, 0.9737361892324321, 0.986...  \n",
       "N512_L5_LeakyReLU  [0.9176026367942061, 0.9650238117838921, 0.994...  \n",
       "N512_L3_LeakyReLU  [0.962792998523862, 0.9867484205372211, 0.9968...  \n",
       "N512_L3_ReLU       [0.9706882522161231, 0.9810465734160121, 0.983...  \n",
       "N512_L2_Tanh       [0.9979866526798411, 0.9913846163669061, 0.997...  \n",
       "N512_L3_Sigmoid    [0.881998412331057, 0.926109498196908, 0.95550...  \n",
       "N256_L4_Sigmoid    [0.046043266513517006, 0.7759346157366811, 0.8...  \n",
       "N512_L4_Sigmoid    [0.048768404070097006, 0.844356493571173, 0.92...  \n",
       "N512_L5_Sigmoid    [0.027738340863098003, 0.75351368567067, 0.445...  \n",
       "N256_L5_Sigmoid    [-0.011851854430703001, 0.6755711068610141, 0....  \n",
       "N512_L5_ReLU       [0.8811646477549561, 0.9696006608009121, 0.951...  \n",
       "N256_L2_LeakyReLU  [0.9830946882173731, 0.9760738218011711, 0.993...  \n",
       "N256_L2_ReLU       [0.969670248087039, 0.9545175587532341, 0.9867...  \n",
       "N512_L2_ReLU       [0.9325146983349961, 0.907251976146187, 0.9550...  \n",
       "N512_L3_None       [0.945313396026032, 0.960424756841836, 0.98486...  \n",
       "N512_L2_LeakyReLU  [0.9085695915615191, 0.783339295480137, 0.8943...  \n",
       "N256_L2_None       [0.962980939530765, 0.968831868740268, 0.99141...  \n",
       "N256_L3_None       [0.6963692982712271, 0.760365020935708, 0.8663...  \n",
       "N256_L5_None       [-0.6111906469261941, -0.132037130871119, 0.38...  \n",
       "N512_L4_None       [-0.235781578125613, 0.27355936304321504, 0.57...  \n",
       "N256_L4_None       [0.353356687202367, -0.148171115522366, -0.196...  \n",
       "N512_L2_None       [0.010122093620539, -0.624903265087392, 0.6079...  \n",
       "N512_L5_None       [-31.60522022242229, -174.43478743566828, -150...  "
      ]
     },
     "execution_count": 6,
     "metadata": {},
     "output_type": "execute_result"
    }
   ],
   "source": [
    "metrics.sort_values(by='Test R2', ascending = False)"
   ]
  },
  {
   "cell_type": "code",
   "execution_count": null,
   "id": "6828a7fa-a02b-4b2c-a2e4-5dfc9745c05b",
   "metadata": {},
   "outputs": [],
   "source": []
  }
 ],
 "metadata": {
  "kernelspec": {
   "display_name": "Python 3 (ipykernel)",
   "language": "python",
   "name": "python3"
  },
  "language_info": {
   "codemirror_mode": {
    "name": "ipython",
    "version": 3
   },
   "file_extension": ".py",
   "mimetype": "text/x-python",
   "name": "python",
   "nbconvert_exporter": "python",
   "pygments_lexer": "ipython3",
   "version": "3.10.0"
  }
 },
 "nbformat": 4,
 "nbformat_minor": 5
}
